# car id; round id; time; car's charge queue size
2
1
42
76
346
500
1295
1894
1238
1122
1367
1086
1546
903
869
1033
1236
1120
1179
824
1530
607
798
1408
558
595
1472
433
501
622
1255
576
816
1059
610
878
752
905
929
943
1128
410
271
1336
340
208
121
272
1453
264
208
34
1
51
142
59
157
131
138
1510
264
237
155
233
380
1517
333
345
224
233
1529
229
143
153
153
339
1622
330
485
456
1071
500
489
1047
254
568
527
1014
460
479
1071
361
309
279
1314
24
78
81
150
239
386
1106
400
485
1038
423
730
861
559
890
486
336
1043
469
468
982
538
717
1002
296
428
1078
600
616
611
638
637
748
502
834
648
381
1074
264
529
847
742
496
930
407
1104
440
323
514
802
647
894
523
483
797
701
511
861
917
473
1134
346
370
814
620
817
683
560
695
712
883
664
799
797
627
585
881
708
998
569
682
755
764
743
760
896
511
946
585
511
854
645
898
626
725
662
786
677
692
711
691
657
540
939
498
847
531
586
842
354
1349
200
249
111
79
186
286
1154
199
188
181
189
169
1334
131
63
74
144
171
245
338
1254
317
260
204
1281
184
158
284
254
394
1030
472
582
841
462
832
446
606
831
571
745
671
480
799
627
788
569
706
705
453
1119
420
595
880
461
1050
314
317
349
1177
306
124
232
258
1198
209
422
424
1048
454
143
157
1290
222
166
76
235
403
1233
320
263
449
1028
249
228
258
226
1230
356
310
488
954
744
620
661
658
877
227
275
1163
195
303
261
447
1004
302
445
775
654
840
463
538
960
461
556
674
567
785
257
190
1225
316
156
227
368
1355
229
77
173
31
100
106
1431
78
163
340
453
469
875
731
658
846
445
975
541
474
899
497
689
777
790
621
492
890
632
374
869
591
666
845
748
576
780
573
456
983
449
582
877
319
308
1251
376
100
171
257
1342
299
402
475
1020
325
455
455
894
323
1139
399
497
497
1013
585
960
459
505
914
642
689
809
909
552
529
937
591
1024
456
408
920
612
644
788
357
973
543
551
844
670
1049
330
411
417
1022
403
537
954
581
904
517
411
953
750
608
833
571
740
842
450
875
646
602
838
727
852
382
372
957
308
370
1162
483
301
