# car id; round id; time; car's charge queue size
1
1
17
14
156
126
484
728
1185
1242
287
603
341
498
577
551
732
509
584
222
363
674
323
473
618
487
576
370
583
327
513
345
577
313
358
480
337
553
418
243
578
409
489
400
492
340
193
119
737
84
251
211
545
198
175
338
499
205
552
225
353
562
362
189
650
226
166
565
162
367
253
399
263
501
325
567
271
173
150
602
176
114
243
550
177
417
449
293
521
251
191
675
227
259
458
267
418
430
498
288
259
475
136
108
555
192
190
271
354
314
401
482
259
319
355
271
358
224
387
303
330
441
212
535
190
200
524
223
152
523
174
291
213
429
224
197
576
246
545
213
199
177
462
344
292
317
252
319
365
373
236
400
421
328
464
327
187
446
268
292
345
402
185
232
405
448
142
91
635
124
213
199
657
203
209
558
260
352
503
156
262
442
233
282
457
281
346
308
230
446
244
435
289
104
595
140
121
60
38
18
40
693
80
6
13
49
29
1
8
48
141
168
695
98
90
136
66
86
762
153
146
132
275
555
129
139
146
597
224
80
148
602
197
252
125
562
247
195
559
159
183
256
414
194
275
480
305
303
365
326
360
273
367
330
307
239
376
302
338
259
395
248
263
431
393
484
189
331
401
311
427
258
389
182
287
436
201
500
316
417
358
599
180
189
253
402
250
430
252
205
571
142
175
150
555
168
253
376
228
299
285
431
174
204
585
119
175
324
382
360
458
252
395
178
233
464
349
263
350
433
293
178
508
224
101
477
135
98
123
183
526
171
178
456
195
120
549
166
134
76
124
599
87
51
49
62
96
424
162
264
442
195
215
273
284
411
261
263
386
187
352
224
283
313
275
309
268
333
324
211
217
356
308
179
245
354
142
469
239
426
350
185
452
292
353
381
374
352
290
245
419
128
542
148
27
122
308
363
213
431
133
212
506
156
186
477
241
132
536
133
173
268
399
333
352
219
447
298
195
516
225
309
416
214
511
217
282
334
242
305
251
369
276
498
245
228
385
270
430
285
221
402
199
257
427
335
387
203
486
280
199
455
239
323
285
317
238
257
263
346
127
255
383
233
396
327
311
336
274
353
339
180
131
344
177
225
333
295
433
290
292
322
276
376
277
223
418
231
215
476
196
285
495
313
352
443
211
398
143
162
287
381
253
233
337
430
210
294
407
189
175
420
283
260
312
256
333
276
499
234
215
563
112
218
275
462
240
281
476
235
514
230
431
336
344
212
344
188
248
365
388
364
251
502
143
236
145
506
101
163
114
516
134
234
432
202
328
296
587
257
249
431
118
99
103
654
124
167
288
325
399
352
381
406
419
315
385
287
276
308
241
272
206
488
324
373
395
329
345
405
430
301
324
306
296
239
460
225
290
317
225
391
402
198
410
194
166
528
220
363
328
356
392
322
299
388
321
368
297
449
264
337
290
367
428
310
358
279
348
244
362
309
315
377
368
273
267
428
247
376
180
118
406
390
532
184
97
630
89
66
25
21
28
43
67
24
735
